0 0.0000002 0
1000 0.0023839 758210
2000 0.0094913 3009117
3000 0.0213479 6760438
4000 0.0388531 12076303
5000 0.0626505 18821055
6000 0.0904926 27128777
7000 0.1238739 36662162
8000 0.1639716 48163231
9000 0.2124166 61262272
10000 0.2581118 74995056
11000 0.3134058 90868535
12000 0.3749732 108362349
13000 0.4407106 127050205
14000 0.5135696 147676342
15000 0.5904436 169438071
16000 0.6745838 192716786
17000 0.7638064 216988283
18000 0.8659637 243256822
19000 0.9658768 270612830
20000 1.0780784 301045860
21000 1.1816880 330677658
22000 1.3015951 363456317
23000 1.4250278 398241049
24000 1.5560542 432109426
25000 1.6834079 468218055
26000 1.8257966 507855167
27000 1.9696516 547246046
28000 2.1206304 589473441
29000 2.2741558 632179348
30000 2.4326163 674037451
31000 2.5904187 722281787
32000 2.7645108 772045246
33000 2.9362206 817439531
34000 3.1208049 867683315
35000 3.3168568 921021028
36000 3.4974028 974253953
37000 3.6851803 1026224911
38000 3.9015776 1084579307
39000 4.1055412 1143158904
40000 4.3154130 1202001239
41000 4.5369313 1263692384
42000 4.7691530 1323807564
43000 4.9964299 1390384962
44000 5.2224603 1454536445
45000 5.4661526 1521256786
46000 5.7102758 1589184327
47000 5.9569058 1656146086
48000 6.2232446 1733053290
49000 6.4914388 1803845625
50000 6.7398361 1876121095
