0 0.0000021 0
1000 0.0015045 504995
2000 0.0056590 2004040
3000 0.0128503 4511314
4000 0.0222858 8015670
5000 0.0350401 12530216
6000 0.0516070 17997655
7000 0.0679649 24510713
8000 0.0882875 31902056
9000 0.1119808 40547594
10000 0.1381347 49970446
11000 0.1675000 60503831
12000 0.1983166 71905825
13000 0.2344780 84665070
14000 0.2708495 97748430
15000 0.3122720 112435351
16000 0.3535976 127537769
17000 0.3999249 144335715
18000 0.4468526 161933176
19000 0.5007612 180902022
20000 0.5519612 199414559
21000 0.6072256 219819917
22000 0.6693769 241837146
23000 0.7341689 263960358
24000 0.7959416 287570428
25000 0.8683871 313269417
26000 0.9353718 338064849
27000 1.0076913 364770479
28000 1.0840792 392166865
29000 1.1661210 420274075
30000 1.2462536 450341053
31000 1.3338631 480079579
32000 1.4177517 511754188
33000 1.5126051 546289592
34000 1.5996510 576916058
35000 1.6939808 612739580
36000 1.7980359 648395418
37000 1.9014296 685898970
38000 2.0027601 722387431
39000 2.1039864 760403500
40000 2.2172153 799840721
41000 2.3311953 841995151
42000 2.4407089 881342603
43000 2.5588361 922310333
44000 2.6800952 968884833
45000 2.8011678 1010821201
46000 2.9229582 1057406929
47000 3.0595058 1103274862
48000 3.2038563 1153522465
49000 3.3291034 1201544728
50000 3.4622849 1251325884
