0 0.0000002 0 0.0000003 0
1000 0.0023198 755836 0.0014014 499080
2000 0.0091353 3019956 0.0055485 2000727
3000 0.0209894 6768121 0.0125119 4490651
4000 0.0396733 12061925 0.0227077 7984679
5000 0.0621484 18824140 0.0349923 12505303
6000 0.0903805 27131857 0.0497995 18066940
7000 0.1250432 36790229 0.0674619 24430671
8000 0.1632300 48178368 0.0887318 32099161
9000 0.2066956 60692430 0.1114108 40327259
10000 0.2600136 75098583 0.1385264 50079169
11000 0.3127748 90881605 0.1672909 60442033
12000 0.3720422 107726754 0.1985207 71688680
13000 0.4400714 127101973 0.2336242 84579987
14000 0.5118576 147052797 0.2702095 97898403
15000 0.5898561 169425641 0.3156406 112780347
16000 0.6747473 192641759 0.3551495 128109183
17000 0.7620961 216191643 0.3993324 144131234
18000 0.8632081 243527812 0.4495792 162267259
19000 0.9610694 271206177 0.4990932 180492795
20000 1.0663674 300588469 0.5537950 200124984
21000 1.1782360 331734647 0.6105225 220738970
22000 1.2971834 364223494 0.6737202 242634262
23000 1.4158967 396647079 0.7319090 264303348
24000 1.5439794 432625484 0.7992291 287782219
25000 1.6763431 469711841 0.8643975 312578749
26000 1.8190772 507819817 0.9357612 337871696
27000 1.9626314 547271660 1.0081022 364085368
28000 2.1064279 588366228 1.0844259 392318061
29000 2.2658819 631374966 1.1665897 420404371
30000 2.4219720 675170415 1.2463415 449458852
31000 2.5808859 720066853 1.3278307 480262061
32000 2.7686072 771425329 1.4188239 512758041
33000 2.9349451 817353440 1.5053228 543971125
34000 3.1187149 866762445 1.5995498 577300489
35000 3.3073216 920332580 1.6960837 612830233
36000 3.4994756 975505209 1.7981431 648595389
37000 3.6947570 1027378910 1.8947692 684618242
38000 3.8928297 1084028098 1.9991639 721510256
39000 4.1086284 1143630622 2.1126396 761479958
40000 4.3222642 1202711267 2.2193812 800950638
41000 4.5278018 1260722151 2.3249853 840608290
42000 4.7564860 1322880986 2.4467867 881031181
43000 4.9887398 1387522098 2.5604954 925098210
44000 5.2436371 1455653969 2.6861202 969508863
45000 5.4672302 1521115842 2.8052426 1011885793
46000 5.7144932 1589698139 2.9347861 1058437578
47000 5.9505140 1654288083 3.0553356 1102537095
48000 6.2214160 1730218306 3.1876638 1151271912
49000 6.4818855 1804909365 3.3259303 1200920084
50000 6.7405552 1875537289 3.4533734 1248084630
