0 0.0000002 0
1000 0.0000028 999
2000 0.0000069 1999
3000 0.0000105 2999
4000 0.0000115 3999
5000 0.0000242 4999
6000 0.0000176 5999
7000 0.0000235 6999
8000 0.0000257 7999
9000 0.0000280 8999
10000 0.0000319 9999
11000 0.0000299 10999
12000 0.0000362 11999
13000 0.0000371 12999
14000 0.0000559 13999
15000 0.0000414 14999
16000 0.0000468 15999
17000 0.0000511 16999
18000 0.0000525 17999
19000 0.0000620 18999
20000 0.0000607 19999
21000 0.0000568 20999
22000 0.0000605 21999
23000 0.0000600 22999
24000 0.0000788 23999
25000 0.0000683 24999
26000 0.0000718 25999
27000 0.0000755 26999
28000 0.0000752 27999
29000 0.0000780 28999
30000 0.0000787 29999
31000 0.0000817 30999
32000 0.0000842 31999
33000 0.0000859 32999
34000 0.0000887 33999
35000 0.0000967 34999
36000 0.0001083 35999
37000 0.0000971 36999
38000 0.0001143 37999
39000 0.0001044 38999
40000 0.0001048 39999
41000 0.0001045 40999
42000 0.0001194 41999
43000 0.0001189 42999
44000 0.0001142 43999
45000 0.0001170 44999
46000 0.0001193 45999
47000 0.0001274 46999
48000 0.0001374 47999
49000 0.0001266 48999
50000 0.0001407 49999
