0 0.0000002 0 0.0000001 0
1000 0.0000026 999 0.0000082 999
2000 0.0000045 1999 0.0000104 1999
3000 0.0000155 2999 0.0000110 2999
4000 0.0000158 3999 0.0000128 3999
5000 0.0000114 4999 0.0000177 4999
6000 0.0000147 5999 0.0000214 5999
7000 0.0000195 6999 0.0000216 6999
8000 0.0000198 7999 0.0000240 7999
9000 0.0000216 8999 0.0000226 8999
10000 0.0000215 9999 0.0000285 9999
11000 0.0000234 10999 0.0000338 10999
12000 0.0000287 11999 0.0000330 11999
13000 0.0000324 12999 0.0000389 12999
14000 0.0000373 13999 0.0000438 13999
15000 0.0000445 14999 0.0000462 14999
16000 0.0000395 15999 0.0000431 15999
17000 0.0000457 16999 0.0000554 16999
18000 0.0000416 17999 0.0000498 17999
19000 0.0000523 18999 0.0000607 18999
20000 0.0000616 19999 0.0000730 19999
21000 0.0000732 20999 0.0000751 20999
22000 0.0000649 21999 0.0000748 21999
23000 0.0000532 22999 0.0000700 22999
24000 0.0000634 23999 0.0000702 23999
25000 0.0000655 24999 0.0000754 24999
26000 0.0000726 25999 0.0000799 25999
27000 0.0000642 26999 0.0000764 26999
28000 0.0000692 27999 0.0000883 27999
29000 0.0000745 28999 0.0000856 28999
30000 0.0000747 29999 0.0000834 29999
31000 0.0000775 30999 0.0000980 30999
32000 0.0000741 31999 0.0000883 31999
33000 0.0000748 32999 0.0000885 32999
34000 0.0000842 33999 0.0000927 33999
35000 0.0001111 34999 0.0001211 34999
36000 0.0000812 35999 0.0000991 35999
37000 0.0000971 36999 0.0001205 36999
38000 0.0000844 37999 0.0001059 37999
39000 0.0001004 38999 0.0001134 38999
40000 0.0000896 39999 0.0001058 39999
41000 0.0000888 40999 0.0001051 40999
42000 0.0000989 41999 0.0001128 41999
43000 0.0000957 42999 0.0001102 42999
44000 0.0001001 43999 0.0001166 43999
45000 0.0000995 44999 0.0001188 44999
46000 0.0001016 45999 0.0001242 45999
47000 0.0001075 46999 0.0001190 46999
48000 0.0001091 47999 0.0001292 47999
49000 0.0001135 48999 0.0001356 48999
50000 0.0001130 49999 0.0001257 49999
