0 0.0000003 0
1000 0.0000051 999
2000 0.0000066 1999
3000 0.0000151 2999
4000 0.0000115 3999
5000 0.0000153 4999
6000 0.0000148 5999
7000 0.0000195 6999
8000 0.0000226 7999
9000 0.0000236 8999
10000 0.0000269 9999
11000 0.0000281 10999
12000 0.0000307 11999
13000 0.0000302 12999
14000 0.0000335 13999
15000 0.0000364 14999
16000 0.0000416 15999
17000 0.0000405 16999
18000 0.0000438 17999
19000 0.0000469 18999
20000 0.0000627 19999
21000 0.0000492 20999
22000 0.0000502 21999
23000 0.0000530 22999
24000 0.0000679 23999
25000 0.0000611 24999
26000 0.0000585 25999
27000 0.0000605 26999
28000 0.0000639 27999
29000 0.0000794 28999
30000 0.0000660 29999
31000 0.0000684 30999
32000 0.0000698 31999
33000 0.0000713 32999
34000 0.0000756 33999
35000 0.0000785 34999
36000 0.0000830 35999
37000 0.0000840 36999
38000 0.0000867 37999
39000 0.0000861 38999
40000 0.0000904 39999
41000 0.0000909 40999
42000 0.0000929 41999
43000 0.0001084 42999
44000 0.0001106 43999
45000 0.0000996 44999
46000 0.0001008 45999
47000 0.0001033 46999
48000 0.0001072 47999
49000 0.0001290 48999
50000 0.0001099 49999
