0 0.0000004 0 0.0000011 0
1000 0.0040338 1498500 0.0028061 999000
2000 0.0156699 5997000 0.0110867 3998000
3000 0.0351273 13495500 0.0247653 8997000
4000 0.0634388 23994000 0.0450914 15996000
5000 0.0981084 37492500 0.0696037 24995000
6000 0.1406918 53991000 0.0992989 35994000
7000 0.1917111 73489500 0.1369608 48993000
8000 0.2514764 95988000 0.1779082 63992000
9000 0.3173738 121486500 0.2248813 80991000
10000 0.3903741 149985000 0.2773709 99990000
11000 0.4739979 181483500 0.3343490 120989000
12000 0.5626166 215982000 0.3974133 143988000
13000 0.6595122 253480500 0.4659313 168987000
14000 0.7654759 293979000 0.5418674 195986000
15000 0.8795977 337477500 0.6237492 224985000
16000 1.0016308 383976000 0.7069710 255984000
17000 1.1296135 433474500 0.8008229 288983000
18000 1.2678541 485973000 0.8985541 323982000
19000 1.4109475 541471500 0.9989290 360981000
20000 1.5650924 599970000 1.1064371 399980000
21000 1.7237766 661468500 1.2189945 440979000
22000 1.8920674 725967000 1.3413141 483978000
23000 2.0708660 793465500 1.4685049 528977000
24000 2.2530795 863964000 1.5945242 575976000
25000 2.4452367 937462500 1.7288361 624975000
26000 2.6462510 1013961000 1.8744050 675974000
27000 2.8543933 1093459500 2.0232996 728973000
28000 3.0679324 1175958000 2.1680059 783972000
29000 3.2949180 1261456500 2.3255369 840971000
30000 3.5267451 1349955000 2.4922491 899970000
31000 3.7620021 1441453500 2.6600706 960969000
32000 4.0083141 1535952000 2.8325979 1023968000
33000 4.2580008 1633450500 3.0167120 1088967000
34000 4.5319669 1733949000 3.2075002 1155966000
35000 4.7887875 1837447500 3.3893052 1224965000
36000 5.0692184 1943946000 3.5860578 1295964000
37000 5.3567134 2053444500 3.7907530 1368963000
38000 5.6496469 2165943000 4.0016596 1443962000
39000 5.9517417 2281441500 4.2086076 1520961000
40000 6.2586655 2399940000 4.4305066 1599960000
41000 6.5880001 2521438500 4.6575301 1680959000
42000 6.8963209 2645937000 4.8940519 1763958000
43000 7.2375009 2773435500 5.1127921 1848957000
44000 7.5798076 2903934000 5.3634092 1935956000
45000 7.9222050 3037432500 5.6114387 2024955000
46000 8.2882476 3173931000 5.8609391 2115954000
47000 8.6352206 3313429500 6.1207545 2208953000
48000 9.0184613 3455928000 6.3875524 2303952000
49000 9.3942208 3601426500 6.6401819 2400951000
50000 9.7880428 3749925000 6.9207899 2499950000
