0 0.0000022 0
1000 0.0040375 1498500
2000 0.0157384 5997000
3000 0.0364534 13495500
4000 0.0634750 23994000
5000 0.0986513 37492500
6000 0.1409486 53991000
7000 0.1919832 73489500
8000 0.2500562 95988000
9000 0.3162310 121486500
10000 0.3903443 149985000
11000 0.4725349 181483500
12000 0.5629339 215982000
13000 0.6603629 253480500
14000 0.7662259 293979000
15000 0.8804511 337477500
16000 1.0061101 383976000
17000 1.1321596 433474500
18000 1.2674598 485973000
19000 1.4132771 541471500
20000 1.5705677 599970000
21000 1.7259459 661468500
22000 1.8941768 725967000
23000 2.0654708 793465500
24000 2.2563282 863964000
25000 2.4432632 937462500
26000 2.6492797 1013961000
27000 2.8494386 1093459500
28000 3.0685155 1175958000
29000 3.2893951 1261456500
30000 3.5225278 1349955000
31000 3.7618754 1441453500
32000 4.0279464 1535952000
33000 4.2637235 1633450500
34000 4.5235641 1733949000
35000 4.7922284 1837447500
36000 5.0702142 1943946000
37000 5.3557509 2053444500
38000 5.6494051 2165943000
39000 5.9516256 2281441500
40000 6.2855090 2399940000
41000 6.5749979 2521438500
42000 6.9020405 2645937000
43000 7.2477323 2773435500
44000 7.5778774 2903934000
45000 7.9315149 3037432500
46000 8.4290030 3173931000
47000 8.6489221 3313429500
48000 9.0124777 3455928000
49000 9.4018252 3601426500
50000 9.7844863 3749925000
