0 0.0000025 0
1000 0.0028716 999000
2000 0.0111857 3998000
3000 0.0251914 8997000
4000 0.0441396 15996000
5000 0.0739949 24995000
6000 0.1010259 35994000
7000 0.1359865 48993000
8000 0.1765294 63992000
9000 0.2237697 80991000
10000 0.2772606 99990000
11000 0.3347662 120989000
12000 0.4009660 143988000
13000 0.4692788 168987000
14000 0.5433418 195986000
15000 0.6234705 224985000
16000 0.7090875 255984000
17000 0.7991823 288983000
18000 0.8973552 323982000
19000 1.0042107 360981000
20000 1.1076848 399980000
21000 1.2190603 440979000
22000 1.3395647 483978000
23000 1.4618942 528977000
24000 1.5997386 575976000
25000 1.7294985 624975000
26000 1.8731670 675974000
27000 2.0196187 728973000
28000 2.1699898 783972000
29000 2.3342539 840971000
30000 2.4922757 899970000
31000 2.6586966 960969000
32000 2.8344856 1023968000
33000 3.0106637 1088967000
34000 3.2068223 1155966000
35000 3.3873128 1224965000
36000 3.5940896 1295964000
37000 3.7916679 1368963000
38000 3.9978438 1443962000
39000 4.2246192 1520961000
40000 4.4272828 1599960000
41000 4.6576816 1680959000
42000 4.8849140 1763958000
43000 5.1160735 1848957000
44000 5.3577713 1935956000
45000 5.6259989 2024955000
46000 5.8666497 2115954000
47000 6.1144842 2208953000
48000 6.3801518 2303952000
49000 6.7045524 2400951000
50000 6.9242711 2499950000
